97975 215116
0 1 138
1 0 138
2 0 1039
0 2 1039
2 3 176
3 2 176
2 4 503
4 2 503
4 5 251
5 4 251
6 4 111
4 6 111
7 8 22
8 7 22
9 10 16
10 9 16
11 12 272
12 11 272
13 14 34
14 13 34
15 16 472
16 15 472
16 17 126
17 16 126
18 19 242
19 18 242
20 21 413
21 20 413
22 23 265
23 22 265
24 25 360
25 24 360
26 27 257
27 26 257
28 29 113
29 28 113
30 31 50
31 30 50
26 32 83
32 26 83
33 34 139
34 33 139
35 36 149
36 35 149
37 38 82
38 37 82
37 39 103
39 37 103
40 41 802
41 40 802
42 43 1348
43 42 1348
35 44 17
44 35 17
45 46 84
46 45 84
47 48 71
48 47 71
24 49 94
49 24 94
50 51 1722
51 50 1722
48 52 13
52 48 13
53 54 590
54 53 590
55 18 56
18 55 56
56 55 162
55 56 162
16 57 322
57 16 322
28 58 184
58 28 184
15 53 528
53 15 528
30 28 242
28 30 242
52 59 33
59 52 33
43 60 35
60 43 35
61 62 222
62 61 222
63 64 156
64 63 156
23 65 149
65 23 149
49 66 329
66 49 329
66 67 217
67 66 217
68 56 61
56 68 61
69 70 49
70 69 49
71 72 162
72 71 162
73 71 206
71 73 206
74 75 512
75 74 512
76 77 78
77 76 78
57 55 431
55 57 431
78 18 320
18 78 320
79 20 205
20 79 205
21 80 94
80 21 94
44 40 33
40 44 33
81 42 342
42 81 342
82 81 506
81 82 506
83 22 53
22 83 53
84 85 184
85 84 184
86 42 82
42 86 82
84 87 34
87 84 34
88 89 382
89 88 382
90 86 751
86 90 751
91 92 20
92 91 20
93 94 271
94 93 271
94 95 72
95 94 72
96 97 886
97 96 886
97 98 439
98 97 439
99 100 801
100 99 801
101 102 77
102 101 77
20 103 81
103 20 81
101 104 210
104 101 210
105 106 239
106 105 239
107 20 173
20 107 173
103 107 206
107 103 206
108 109 256
109 108 256
110 111 170
111 110 170
112 113 434
113 112 434
114 115 126
115 114 126
116 117 194
117 116 194
118 118 0
118 118 0
119 120 41
120 119 41
120 121 228
121 120 228
120 122 27
122 120 27
123 124 80
124 123 80
121 125 20
125 121 20
126 127 397
127 126 397
65 24 156
24 65 156
128 129 511
129 128 511
130 131 475
131 130 475
29 132 987
132 29 987
133 134 500
134 133 500
135 136 48
136 135 48
137 138 378
138 137 378
139 37 112
37 139 112
140 141 99
141 140 99
142 143 237
143 142 237
144 145 324
145 144 324
146 147 250
147 146 250
148 149 370
149 148 370
150 151 127
151 150 127
152 153 802
153 152 802
152 154 199
154 152 199
155 156 151
156 155 151
157 155 151
155 157 151
158 157 200
157 158 200
158 155 160
155 158 160
159 160 209
160 159 209
161 162 16
162 161 16
161 163 756
163 161 756
164 165 37
165 164 37
166 167 12
167 166 12
168 169 320
169 168 320
170 168 739
168 170 739
171 172 566
172 171 566
173 174 22
174 173 22
175 176 339
176 175 339
177 178 566
178 177 566
179 180 34
180 179 34
181 182 3204
182 181 3204
183 184 567
184 183 567
185 186 498
186 185 498
187 188 937
188 187 937
189 190 709
190 189 709
175 191 303
191 175 303
154 192 695
192 154 695
173 187 263
187 173 263
193 194 88
194 193 88
194 173 110
173 194 110
185 195 519
195 185 519
196 197 118
197 196 118
198 199 551
199 198 551
200 201 30
201 200 30
196 200 23
200 196 23
202 203 198
203 202 198
203 204 2912
204 203 2912
204 205 667
205 204 667
205 206 538
206 205 538
207 163 840
163 207 840
181 208 147
208 181 147
176 209 214
209 176 214
166 210 15
210 166 15
170 211 65
211 170 65
212 170 74
170 212 74
213 212 178
212 213 178
171 214 33
214 171 33
183 171 871
171 183 871
215 216 407
216 215 407
162 217 34
217 162 34
218 159 480
159 218 480
219 220 33
220 219 33
221 222 189
222 221 189
149 161 736
161 149 736
223 183 50
183 223 50
214 224 149
224 214 149
225 168 147
168 225 147
199 226 327
226 199 327
211 166 31
166 211 31
169 164 500
164 169 500
180 227 600
227 180 600
228 205 109
205 228 109
229 179 63
179 229 63
206 229 1036
229 206 1036
230 231 125
231 230 125
110 232 463
232 110 463
233 135 43
135 233 43
233 234 45
234 233 45
235 236 146
236 235 146
227 237 1049
237 227 1049
235 238 82
238 235 82
167 239 301
239 167 301
210 176 88
176 210 88
224 213 885
213 224 885
240 241 495
241 240 495
242 164 656
164 242 656
242 243 162
243 242 162
244 245 57
245 244 57
165 148 519
148 165 519
244 246 942
246 244 942
247 248 83
248 247 83
249 250 139
250 249 139
222 251 412
251 222 412
252 253 785
253 252 785
254 255 882
255 254 882
256 257 948
257 256 948
258 259 63
259 258 63
156 260 138
260 156 138
260 150 567
150 260 567
259 261 398
261 259 398
261 203 2360
203 261 2360
204 262 823
262 204 823
263 264 3
264 263 3
163 265 319
265 163 319
220 158 20
158 220 20
266 267 60
267 266 60
184 185 1850
185 184 1850
266 268 99
268 266 99
160 220 12
220 160 12
269 266 65
266 269 65
190 219 24
219 190 24
190 270 269
270 190 269
271 272 29
272 271 29
271 273 41
273 271 41
274 275 1364
275 274 1364
276 275 224
275 276 224
277 278 130
278 277 130
279 280 354
280 279 354
276 281 790
281 276 790
282 283 51
283 282 51
284 285 1162
285 284 1162
286 287 690
287 286 690
279 288 593
288 279 593
286 289 608
289 286 608
290 286 30
286 290 30
291 292 1417
292 291 1417
292 277 517
277 292 517
278 293 640
293 278 640
293 294 524
294 293 524
294 295 333
295 294 333
295 279 723
279 295 723
280 296 1342
296 280 1342
296 297 120
297 296 120
297 298 338
298 297 338
299 290 1315
290 299 1315
179 300 1030
300 179 1030
301 302 638
302 301 638
302 303 324
303 302 324
303 291 678
291 303 678
304 277 1786
277 304 1786
305 304 500
304 305 500
300 306 1453
306 300 1453
307 299 432
299 307 432
307 308 67
308 307 67
309 310 19
310 309 19
310 311 206
311 310 206
308 309 14
309 308 14
308 312 20
312 308 20
313 314 1189
314 313 1189
315 316 36
316 315 36
317 318 246
318 317 246
319 320 843
320 319 843
321 307 287
307 321 287
322 323 201
323 322 201
322 324 182
324 322 182
325 326 741
326 325 741
327 328 286
328 327 286
329 327 2125
327 329 2125
330 331 47
331 330 47
332 333 79
333 332 79
334 335 775
335 334 775
336 337 2471
337 336 2471
338 339 180
339 338 180
340 341 517
341 340 517
340 342 1361
342 340 1361
343 340 505
340 343 505
344 345 167
345 344 167
346 347 109
347 346 109
346 348 1473
348 346 1473
349 350 1286
350 349 1286
351 352 1058
352 351 1058
342 353 1107
353 342 1107
354 330 78
330 354 78
355 356 450
356 355 450
357 358 1064
358 357 1064
349 355 301
355 349 301
328 359 378
359 328 378
328 360 292
360 328 292
361 327 462
327 361 462
362 363 483
363 362 483
364 365 153
365 364 153
366 367 1092
367 366 1092
341 366 575
366 341 575
341 368 545
368 341 545
343 369 179
369 343 179
343 370 282
370 343 282
371 372 749
372 371 749
373 374 1582
374 373 1582
345 373 739
373 345 739
375 376 1591
376 375 1591
377 378 155
378 377 155
377 379 692
379 377 692
380 381 671
381 380 671
380 375 1759
375 380 1759
382 383 1013
383 382 1013
382 384 243
384 382 243
385 382 77
382 385 77
386 387 1269
387 386 1269
386 388 447
388 386 447
389 390 489
390 389 489
389 391 1418
391 389 1418
392 393 71
393 392 71
392 394 855
394 392 855
395 375 712
375 395 712
396 397 1551
397 396 1551
398 399 558
399 398 558
400 395 359
395 400 359
401 402 180
402 401 180
401 400 323
400 401 323
403 404 47
404 403 47
403 396 116
396 403 116
405 380 736
380 405 736
405 406 338
406 405 338
407 408 50
408 407 50
409 405 372
405 409 372
410 411 39
411 410 39
412 385 1047
385 412 1047
412 413 138
413 412 138
414 410 49
410 414 49
415 414 85
414 415 85
416 417 57
417 416 57
416 418 57
418 416 57
419 415 145
415 419 145
419 409 147
409 419 147
420 407 285
407 420 285
421 419 236
419 421 236
422 414 54
414 422 54
423 424 64
424 423 64
423 416 232
416 423 232
425 400 1318
400 425 1318
426 427 56
427 426 56
428 429 53
429 428 53
428 430 509
430 428 509
431 432 188
432 431 188
431 425 1859
425 431 1859
433 431 208
431 433 208
434 433 618
433 434 618
434 435 661
435 434 661
436 420 1075
420 436 1075
437 436 35
436 437 35
438 434 202
434 438 202
425 439 193
439 425 193
440 441 112
441 440 112
442 428 1111
428 442 1111
442 443 1464
443 442 1464
444 438 1007
438 444 1007
445 446 1504
446 445 1504
445 442 906
442 445 906
447 433 1590
433 447 1590
448 440 925
440 448 925
449 450 214
450 449 214
449 451 180
451 449 180
347 452 194
452 347 194
453 454 177
454 453 177
353 455 82
455 353 82
456 449 862
449 456 862
347 457 159
457 347 159
458 447 1099
447 458 1099
459 460 1310
460 459 1310
459 461 1474
461 459 1474
462 463 219
463 462 219
462 464 224
464 462 224
465 466 567
466 465 567
467 468 148
468 467 148
469 470 311
470 469 311
471 469 518
469 471 518
472 473 519
473 472 519
472 474 791
474 472 791
475 476 20
476 475 20
475 472 1202
472 475 1202
477 478 702
478 477 702
477 479 1104
479 477 1104
480 481 664
481 480 664
480 477 108
477 480 108
482 480 548
480 482 548
482 483 903
483 482 903
348 371 279
371 348 279
484 471 1304
471 484 1304
484 485 219
485 484 219
486 487 1157
487 486 1157
488 489 131
489 488 131
490 486 1187
486 490 1187
491 492 580
492 491 580
491 493 330
493 491 330
494 486 860
486 494 860
495 494 183
494 495 183
495 496 491
496 495 491
497 480 2360
480 497 2360
497 475 2894
475 497 2894
498 499 256
499 498 256
500 501 676
501 500 676
502 503 38
503 502 38
504 505 27
505 504 27
506 507 551
507 506 551
506 508 906
508 506 906
509 510 843
510 509 843
511 512 253
512 511 253
513 502 957
502 513 957
505 514 124
514 505 124
515 513 1814
513 515 1814
515 504 120
504 515 120
516 517 72
517 516 72
516 518 74
518 516 74
519 520 689
520 519 689
521 522 1155
522 521 1155
521 523 807
523 521 807
524 525 425
525 524 425
526 527 275
527 526 275
526 511 780
511 526 780
528 529 234
529 528 234
530 513 1081
513 530 1081
530 531 136
531 530 136
532 516 965
516 532 965
532 533 538
533 532 538
534 535 380
535 534 380
536 534 294
534 536 294
536 537 235
537 536 235
538 524 1085
524 538 1085
539 540 217
540 539 217
541 542 211
542 541 211
543 544 1552
544 543 1552
543 539 162
539 543 162
545 546 321
546 545 321
364 547 100
547 364 100
390 385 1165
385 390 1165
548 412 859
412 548 859
435 423 221
423 435 221
432 421 442
421 432 442
549 386 252
386 549 252
550 444 1276
444 550 1276
446 444 569
444 446 569
443 438 1264
438 443 1264
551 548 817
548 551 817
552 445 136
445 552 136
336 553 669
553 336 669
554 555 114
555 554 114
556 557 964
557 556 964
394 558 492
558 394 492
559 472 698
472 559 698
473 471 239
471 473 239
465 463 1117
463 465 1117
499 488 1314
488 499 1314
560 351 463
351 560 463
372 482 991
482 372 991
529 561 303
561 529 303
562 498 352
498 562 352
563 495 120
495 563 120
561 521 329
521 561 329
564 526 748
526 564 748
565 541 683
541 565 683
561 566 162
566 561 162
329 567 26
567 329 26
567 396 44
396 567 44
404 556 800
556 404 800
555 403 54
403 555 54
404 555 41
555 404 41
393 389 593
389 393 593
557 392 40
392 557 40
553 426 36
426 553 36
553 429 42
429 553 42
568 551 508
551 568 508
429 426 39
426 429 39
427 554 1491
554 427 1491
568 569 454
569 568 454
570 571 692
571 570 692
572 573 177
573 572 177
413 422 35
422 413 35
411 409 48
409 411 48
574 353 41
353 574 41
455 552 1133
552 455 1133
575 576 62
576 575 62
577 549 23
549 577 23
575 577 52
577 575 52
422 410 58
410 422 58
417 415 137
415 417 137
418 412 103
412 418 103
417 418 49
418 417 49
578 575 82
575 578 82
508 579 1307
579 508 1307
578 576 53
576 578 53
493 490 140
490 493 140
492 484 421
484 492 421
493 492 530
492 493 530
580 564 135
564 580 135
531 581 37
581 531 37
582 515 1338
515 582 1338
581 582 74
582 581 74
583 524 122
524 583 122
527 583 57
583 527 57
584 585 156
585 584 156
584 580 978
580 584 978
533 530 1238
530 533 1238
514 586 15
586 514 15
525 505 254
505 525 254
525 504 253
504 525 253
514 587 172
587 514 172
588 589 41
589 588 41
540 562 2998
562 540 2998
590 588 52
588 590 52
588 590 52
590 588 52
591 467 98
467 591 98
468 591 177
591 468 177
483 459 1026
459 483 1026
481 592 2036
592 481 2036
478 550 1721
550 478 1721
593 594 166
594 593 166
474 458 946
458 474 946
595 596 248
596 595 248
388 378 730
378 388 730
466 597 744
597 466 744
517 513 941
513 517 941
518 598 664
598 518 664
476 593 848
593 476 848
599 600 8
600 599 8
601 602 267
602 601 267
603 604 255
604 603 255
576 605 1315
605 576 1315
600 606 148
606 600 148
600 607 136
607 600 136
608 609 312
609 608 312
608 610 59
610 608 59
27 611 497
611 27 497
27 612 1673
612 27 1673
613 33 201
33 613 201
613 614 269
614 613 269
615 616 171
616 615 171
617 618 100
618 617 100
617 619 7
619 617 7
617 620 42
620 617 42
621 545 13
545 621 13
622 623 33
623 622 33
624 625 323
625 624 323
626 627 245
627 626 245
628 629 27
629 628 27
630 624 342
624 630 342
631 632 3909
632 631 3909
633 634 144
634 633 144
635 636 664
636 635 664
633 637 610
637 633 610
638 639 124
639 638 124
638 640 1640
640 638 1640
641 630 315
630 641 315
642 641 1714
641 642 1714
642 643 978
643 642 978
644 645 81
645 644 81
644 646 350
646 644 350
647 644 275
644 647 275
647 648 156
648 647 156
649 650 97
650 649 97
651 649 293
649 651 293
652 653 1270
653 652 1270
652 654 113
654 652 113
655 656 343
656 655 343
657 658 226
658 657 226
659 660 558
660 659 558
659 661 408
661 659 408
662 663 122
663 662 122
662 659 141
659 662 141
597 662 962
662 597 962
597 595 909
595 597 909
664 665 165
665 664 165
666 667 936
667 666 936
668 489 756
489 668 756
669 670 1253
670 669 1253
671 669 1283
669 671 1283
672 673 33
673 672 33
672 674 53
674 672 53
675 676 498
676 675 498
677 666 949
666 677 949
678 284 1024
284 678 1024
358 679 510
679 358 510
680 677 153
677 680 153
680 681 958
681 680 958
488 676 228
676 488 228
682 669 783
669 682 783
683 677 895
677 683 895
684 685 904
685 684 904
686 687 26
687 686 26
686 688 380
688 686 380
679 672 81
672 679 81
689 690 17
690 689 17
689 691 120
691 689 120
692 682 792
682 692 792
693 689 119
689 693 119
693 692 377
692 693 377
692 7 842
7 692 842
694 695 24
695 694 24
696 697 167
697 696 167
698 699 339
699 698 339
698 700 31
700 698 31
701 702 408
702 701 408
701 703 894
703 701 894
704 705 565
705 704 565
706 707 563
707 706 563
708 709 1859
709 708 1859
710 698 44
698 710 44
711 708 979
708 711 979
711 701 1344
701 711 1344
712 713 90
713 712 90
712 714 1541
714 712 1541
715 716 39
716 715 39
717 631 73
631 717 73
616 718 131
718 616 131
605 719 837
719 605 837
720 721 682
721 720 682
721 649 377
649 721 377
722 630 425
630 722 425
723 724 699
724 723 699
725 726 242
726 725 242
727 647 138
647 727 138
728 729 1110
729 728 1110
730 720 946
720 730 946
731 655 161
655 731 161
732 733 70
733 732 70
734 735 342
735 734 342
736 358 401
358 736 401
737 732 2399
732 737 2399
738 739 207
739 738 207
740 741 118
741 740 118
742 704 162
704 742 162
743 683 168
683 743 168
685 743 30
743 685 30
639 744 418
744 639 418
607 603 405
603 607 405
609 599 122
599 609 122
646 745 77
745 646 77
746 617 64
617 746 64
620 746 54
746 620 54
719 747 275
747 719 275
619 748 79
748 619 79
619 749 377
749 619 377
748 750 511
750 748 511
618 751 413
751 618 413
752 753 266
753 752 266
620 723 229
723 620 229
754 623 17
623 754 17
755 756 88
756 755 88
623 757 533
757 623 533
756 757 35
757 756 35
629 754 195
754 629 195
758 759 543
759 758 543
629 758 25
758 629 25
661 728 135
728 661 135
760 664 140
664 760 140
761 760 77
760 761 77
762 763 314
763 762 314
571 764 29
764 571 29
729 657 34
657 729 34
765 657 44
657 765 44
660 661 306
661 660 306
660 730 55
730 660 55
762 766 197
766 762 197
767 759 31
759 767 31
768 769 128
769 768 128
640 770 1188
770 640 1188
771 772 139
772 771 139
773 774 153
774 773 153
775 776 165
776 775 165
777 778 207
778 777 207
602 777 77
777 602 77
779 631 1327
631 779 1327
648 779 64
779 648 64
710 700 41
700 710 41
285 725 1286
725 285 1286
667 780 1674
780 667 1674
285 781 1026
781 285 1026
782 680 54
680 782 54
783 686 29
686 783 29
687 784 28
784 687 28
699 785 487
785 699 487
705 683 1638
683 705 1638
700 786 368
786 700 368
787 788 184
788 787 184
789 787 131
787 789 131
790 791 370
791 790 370
792 793 40
793 792 40
716 794 1063
794 716 1063
795 796 665
796 795 665
716 795 79
795 716 79
797 798 187
798 797 187
797 799 943
799 797 943
690 800 952
800 690 952
691 682 574
682 691 574
801 802 210
802 801 210
679 674 70
674 679 70
803 804 66
804 803 66
804 570 586
570 804 586
805 671 49
671 805 49
806 807 4
807 806 4
807 671 49
671 807 49
674 806 179
806 674 179
673 662 1909
662 673 1909
735 694 21
694 735 21
695 808 106
808 695 106
809 696 26
696 809 26
714 696 27
696 714 27
713 810 79
810 713 79
713 811 103
811 713 103
812 813 73
813 812 73
813 692 193
692 813 193
625 814 215
814 625 215
815 816 376
816 815 376
33 27 117
27 33 117
817 818 306
818 817 306
664 641 447
641 664 447
818 624 692
624 818 692
819 818 277
818 819 277
820 821 82
821 820 82
822 823 145
823 822 145
643 638 759
638 643 759
824 736 931
736 824 931
733 825 16
825 733 16
826 811 296
811 826 296
827 734 390
734 827 390
828 694 355
694 828 355
703 812 596
812 703 596
829 693 585
693 829 585
796 704 1803
704 796 1803
830 831 647
831 830 647
832 833 294
833 832 294
742 834 1659
834 742 1659
780 835 799
835 780 799
726 836 725
836 726 725
837 838 661
838 837 661
253 839 566
839 253 566
840 837 900
837 840 900
840 841 585
841 840 585
842 843 449
843 842 449
844 845 215
845 844 215
844 244 96
244 844 96
846 847 164
847 846 164
848 847 87
847 848 87
849 850 479
850 849 479
851 852 568
852 851 568
853 849 19
849 853 19
854 855 1119
855 854 1119
854 856 361
856 854 361
857 858 735
858 857 735
857 859 218
859 857 218
860 861 32
861 860 32
862 863 847
863 862 847
201 196 24
196 201 24
201 862 379
862 201 379
864 865 188
865 864 188
866 26 303
26 866 303
866 613 708
613 866 708
867 868 168
868 867 168
867 869 35
869 867 35
870 871 310
871 870 310
872 873 25
873 872 25
874 866 751
866 874 751
875 872 389
872 875 389
875 876 54
876 875 54
877 878 13
878 877 13
877 872 133
872 877 133
879 880 446
880 879 446
881 882 330
882 881 330
881 879 189
879 881 189
883 884 16
884 883 16
885 881 93
881 885 93
885 886 101
886 885 101
887 879 168
879 887 168
887 885 192
885 887 192
888 889 194
889 888 194
888 890 62
890 888 62
891 892 1245
892 891 1245
893 894 365
894 893 365
895 891 141
891 895 141
896 888 369
888 896 369
897 874 458
874 897 458
897 898 462
898 897 462
899 900 1069
900 899 1069
899 901 241
901 899 241
899 902 82
902 899 82
903 877 768
877 903 768
903 904 13
904 903 13
905 897 340
897 905 340
906 903 324
903 906 324
907 906 249
906 907 249
907 908 738
908 907 738
909 910 32
910 909 32
741 847 147
847 741 147
911 912 1184
912 911 1184
236 913 35
913 236 35
236 914 548
914 236 548
915 916 101
916 915 101
917 918 361
918 917 361
917 123 539
123 917 539
919 920 477
920 919 477
921 922 786
922 921 786
921 144 465
144 921 465
923 921 76
921 923 76
924 925 337
925 924 337
926 842 434
842 926 434
926 924 358
924 926 358
927 928 242
928 927 242
929 930 25
930 929 25
931 932 105
932 931 105
933 934 238
934 933 238
935 936 873
936 935 873
937 938 50
938 937 50
937 939 219
939 937 219
940 941 112
941 940 112
940 942 70
942 940 70
842 943 1223
943 842 1223
944 945 64
945 944 64
946 947 463
947 946 463
948 937 179
937 948 179
948 946 93
946 948 93
948 940 301
940 948 301
949 950 295
950 949 295
951 946 170
946 951 170
951 948 131
948 951 131
952 953 132
953 952 132
954 935 399
935 954 399
955 955 0
955 955 0
956 951 136
951 956 136
956 957 424
957 956 424
958 954 837
954 958 837
959 960 45
960 959 45
961 962 686
962 961 686
963 964 117
964 963 117
963 958 85
958 963 85
965 966 95
966 965 95
967 968 17
968 967 17
969 970 1162
970 969 1162
971 972 14
972 971 14
973 974 65
974 973 65
975 971 576
971 975 576
975 976 17
976 975 17
977 978 31
978 977 31
979 980 538
980 979 538
981 973 352
973 981 352
982 968 251
968 982 251
982 983 696
983 982 696
984 979 568
979 984 568
985 986 70
986 985 70
545 987 148
987 545 148
988 989 119
989 988 119
988 990 165
990 988 165
991 992 386
992 991 386
991 993 258
993 991 258
994 995 420
995 994 420
994 996 44
996 994 44
997 998 748
998 997 748
999 1000 107
1000 999 107
1001 1002 191
1002 1001 191
1001 991 659
991 1001 659
1003 1004 507
1004 1003 507
1005 1006 51
1006 1005 51
1005 1007 61
1007 1005 61
1008 1009 58
1009 1008 58
1008 999 400
999 1008 400
1010 1011 268
1011 1010 268
1010 1012 663
1012 1010 663
952 1013 20
1013 952 20
858 1014 17
1014 858 17
1015 1016 439
1016 1015 439
1017 1018 244
1018 1017 244
1019 857 363
857 1019 363
1020 870 322
870 1020 322
873 1021 16
1021 873 16
1022 867 139
867 1022 139
869 1023 470
1023 869 470
1024 870 82
870 1024 82
1025 905 51
905 1025 51
1026 896 65
896 1026 65
902 895 815
895 902 815
1027 906 66
906 1027 66
904 1028 116
1028 904 116
936 927 25
927 936 25
1029 927 128
927 1029 128
922 919 147
919 922 147
918 1030 769
1030 918 769
1031 1032 496
1032 1031 496
913 276 196
276 913 196
914 1027 519
1027 914 519
970 1033 277
1033 970 277
1007 1034 1211
1034 1007 1211
1006 1035 631
1035 1006 631
1035 1036 51
1036 1035 51
1037 1038 75
1038 1037 75
1012 1039 456
1039 1012 456
1040 988 47
988 1040 47
1041 1042 812
1042 1041 812
1002 1043 148
1043 1002 148
1044 1045 849
1045 1044 849
974 741 59
741 974 59
1046 1044 243
1044 1046 243
1047 1048 44
1048 1047 44
1049 1003 89
1003 1049 89
996 1040 6
1040 996 6
1050 1051 419
1051 1050 419
1052 1053 152
1053 1052 152
947 1054 468
1054 947 468
932 1055 1256
1055 932 1256
1056 1057 507
1057 1056 507
688 954 561
954 688 561
976 1058 20
1058 976 20
1059 975 20
975 1059 20
1011 1049 350
1049 1011 350
140 853 265
853 140 265
1058 706 714
706 1058 714
38 1060 147
1060 38 147
998 1061 9
1061 998 9
1058 998 69
998 1058 69
882 1062 161
1062 882 161
1062 38 132
38 1062 132
1063 1064 24
1064 1063 24
1065 1066 528
1066 1065 528
1067 1068 110
1068 1067 110
1069 883 106
883 1069 106
886 1069 134
1069 886 134
894 881 74
881 894 74
943 1070 406
1070 943 406
1071 1072 158
1072 1071 158
943 1073 621
1073 943 621
1074 1071 149
1071 1074 149
1072 1069 39
1069 1072 39
1075 1071 58
1071 1075 58
1072 1076 106
1076 1072 106
898 1067 126
1067 898 126
898 1077 126
1077 898 126
890 1075 264
1075 890 264
890 142 34
142 890 34
1078 854 72
854 1078 72
1079 1080 89
1080 1079 89
889 1081 225
1081 889 225
1079 1082 41
1082 1079 41
1082 1083 5
1083 1082 5
1084 1085 134
1085 1084 134
1086 738 46
738 1086 46
845 1087 867
1087 845 867
1048 1088 44
1088 1048 44
871 1089 367
1089 871 367
1088 1090 43
1090 1088 43
240 1091 1638
1091 240 1638
1092 1079 168
1079 1092 168
1023 1093 141
1093 1023 141
1023 1094 102
1094 1023 102
876 1022 131
1022 876 131
1095 876 74
876 1095 74
1096 1097 102
1097 1096 102
1097 200 34
200 1097 34
1098 1099 177
1099 1098 177
1100 911 313
911 1100 313
1101 1100 56
1100 1101 56
1084 1102 189
1102 1084 189
1103 1104 34
1104 1103 34
1105 1029 182
1029 1105 182
1104 1106 2
1106 1104 2
1053 1107 103
1107 1053 103
706 961 632
961 706 632
958 1108 44
1108 958 44
986 982 438
982 986 438
990 1109 240
1109 990 240
986 990 212
990 986 212
1109 1110 124
1110 1109 124
989 985 147
985 989 147
1108 959 41
959 1108 41
989 1111 125
1111 989 125
1111 1112 52
1112 1111 52
1113 997 222
997 1113 222
1114 1115 639
1115 1114 639
1114 1116 456
1116 1114 456
1115 1117 144
1117 1115 144
1118 1119 143
1119 1118 143
1120 1121 63
1121 1120 63
1120 1122 101
1122 1120 101
1118 1008 86
1008 1118 86
1123 1124 208
1124 1123 208
1124 1125 13
1125 1124 13
1126 1123 90
1123 1126 90
1009 1120 378
1120 1009 378
1127 1128 150
1128 1127 150
1051 1052 446
1052 1051 446
1129 1130 116
1130 1129 116
1131 1051 665
1051 1131 665
1126 1132 263
1132 1126 263
1133 984 624
984 1133 624
1130 999 48
999 1130 48
1122 1130 11
1130 1122 11
1134 944 1
944 1134 1
1132 1135 164
1135 1132 164
980 1041 159
1041 980 159
1136 1137 101
1137 1136 101
1132 1138 151
1138 1132 151
1139 1140 86
1140 1139 86
1141 1142 27
1142 1141 27
1142 1143 58
1143 1142 58
1041 965 72
965 1041 72
1144 966 82
966 1144 82
1144 966 82
966 1144 82
1013 1145 20
1145 1013 20
1146 1147 26
1147 1146 26
1146 1148 89
1148 1146 89
1149 1150 33
1150 1149 33
1145 1146 104
1146 1145 104
1149 1151 94
1151 1149 94
1151 1145 22
1145 1151 22
1150 1134 71
1134 1150 71
953 944 92
944 953 92
941 945 87
945 941 87
953 941 72
941 953 72
945 1152 53
1152 945 53
942 933 59
933 942 59
1153 1154 50
1154 1153 50
942 1153 195
1153 942 195
1154 933 149
933 1154 149
1155 1156 57
1156 1155 57
957 1157 227
1157 957 227
1158 934 258
934 1158 258
1158 1159 155
1159 1158 155
1160 1161 61
1161 1160 61
1160 231 81
231 1160 81
1162 1160 225
1160 1162 225
1162 1163 114
1163 1162 114
1163 1164 73
1164 1163 73
1165 1162 179
1162 1165 179
1163 1166 40
1166 1163 40
1167 1168 119
1168 1167 119
1164 1169 184
1169 1164 184
1170 1171 30
1171 1170 30
1170 1172 92
1172 1170 92
1148 1173 67
1173 1148 67
741 1174 291
1174 741 291
1175 1176 40
1176 1175 40
939 1155 19
1155 939 19
1177 1178 195
1178 1177 195
1155 939 19
939 1155 19
1146 1157 91
1157 1146 91
1174 1179 38
1179 1174 38
1180 1181 493
1181 1180 493
1182 1180 207
1180 1182 207
1182 1183 70
1183 1182 70
1184 1001 49
1001 1184 49
1184 1185 194
1185 1184 194
1186 1187 46
1187 1186 46
1188 1186 214
1186 1188 214
1189 1188 91
1188 1189 91
1189 1190 113
1190 1189 113
1086 1191 115
1191 1086 115
1192 1189 61
1189 1192 61
1043 1182 30
1182 1043 30
1043 1193 102
1193 1043 102
1085 1086 132
1086 1085 132
1085 1194 353
1194 1085 353
1092 1084 276
1084 1092 276
1098 1092 129
1092 1098 129
1195 1098 91
1098 1195 91
1196 1197 69
1197 1196 69
1198 1199 218
1199 1198 218
1200 1201 48
1201 1200 48
1202 1203 158
1203 1202 158
1204 1205 193
1205 1204 193
1206 1200 88
1200 1206 88
1207 1208 229
1208 1207 229
1209 1210 290
1210 1209 290
1211 1212 308
1212 1211 308
1070 1025 1052
1025 1070 1052
1213 909 195
909 1213 195
1214 909 143
909 1214 143
1032 1215 21
1215 1032 21
1216 1217 10
1217 1216 10
950 1218 1956
1218 950 1956
1216 1219 96
1219 1216 96
865 1220 437
1220 865 437
892 1024 1544
1024 892 1544
1039 1113 16
1113 1039 16
1004 1221 107
1221 1004 107
1222 1133 91
1133 1222 91
1223 973 854
973 1223 854
993 981 405
981 993 405
1224 1225 1
1225 1224 1
1226 1227 54
1227 1226 54
1228 837 760
837 1228 760
837 1229 379
1229 837 379
1229 1230 99
1230 1229 99
85 1228 529
1228 85 529
1227 1231 93
1231 1227 93
1232 1233 20
1233 1232 20
96 1234 185
1234 96 185
1021 1235 121
1235 1021 121
1236 1096 28
1096 1236 28
197 1237 304
1237 197 304
1238 1239 240
1239 1238 240
863 1240 385
1240 863 385
1241 905 589
905 1241 589
1060 140 499
140 1060 499
1242 1243 210
1243 1242 210
1244 1245 255
1245 1244 255
1246 1244 303
1244 1246 303
1246 1247 56
1247 1246 56
1248 1249 180
1249 1248 180
1250 1251 230
1251 1250 230
1252 1247 1107
1247 1252 1107
1253 1247 797
1247 1253 797
1254 565 1134
565 1254 1134
1254 1255 424
1255 1254 424
1256 1257 63
1257 1256 63
1258 538 1535
538 1258 1535
1258 541 667
541 1258 667
1259 1260 535
1260 1259 535
1261 1259 389
1259 1261 389
1261 1262 290
1262 1261 290
519 1263 331
1263 519 331
1264 1265 115
1265 1264 115
1266 1267 79
1267 1266 79
1268 1269 1195
1269 1268 1195
542 530 795
530 542 795
1270 1264 527
1264 1270 527
1270 1271 387
1271 1270 387
1272 1258 1944
1258 1272 1944
1272 1273 472
1273 1272 472
1274 1275 625
1275 1274 625
1274 1276 1164
1276 1274 1164
1277 538 2049
538 1277 2049
1277 1274 537
1274 1277 537
1278 1258 1377
1258 1278 1377
1278 1277 1214
1277 1278 1214
1277 1279 264
1279 1277 264
1280 1281 1009
1281 1280 1009
1278 1282 1842
1282 1278 1842
1257 1283 55
1283 1257 55
1284 1281 562
1281 1284 562
1285 1286 653
1286 1285 653
1287 1288 176
1288 1287 176
1289 1284 245
1284 1289 245
1290 1291 863
1291 1290 863
1292 1293 1127
1293 1292 1127
1292 1294 1007
1294 1292 1007
1295 1296 117
1296 1295 117
1297 1298 1170
1298 1297 1170
1299 1300 117
1300 1299 117
1301 1302 2090
1302 1301 2090
1303 1304 452
1304 1303 452
1302 1305 1639
1305 1302 1639
1306 1297 1066
1297 1306 1066
1306 1307 507
1307 1306 507
1308 1299 1340
1299 1308 1340
1308 1309 1299
1309 1308 1299
1310 1311 557
1311 1310 557
1312 1308 1582
1308 1312 1582
1312 1313 1211
1313 1312 1211
1312 1314 322
1314 1312 322
1315 1306 799
1306 1315 799
1316 1315 875
1315 1316 875
1316 1317 11
1317 1316 11
1318 1319 15
1319 1318 15
1320 1321 1602
1321 1320 1602
1322 1315 367
1315 1322 367
1322 1323 229
1323 1322 229
1324 1253 688
1253 1324 688
1325 1326 68
1326 1325 68
1325 1327 505
1327 1325 505
1328 1310 1871
1310 1328 1871
1328 1329 203
1329 1328 203
1318 1330 477
1330 1318 477
1319 1331 159
1331 1319 159
1332 1318 564
1318 1332 564
1332 1333 475
1333 1332 475
1332 1334 730
1334 1332 730
1335 1336 35
1336 1335 35
1337 1331 180
1331 1337 180
1337 1319 219
1319 1337 219
1338 1339 134
1339 1338 134
1338 1335 749
1335 1338 749
1340 1324 1173
1324 1340 1173
1341 1342 166
1342 1341 166
1343 1344 416
1344 1343 416
1345 1332 957
1332 1345 957
1346 1343 1182
1343 1346 1182
1346 1347 1516
1347 1346 1516
1348 1335 1041
1335 1348 1041
1349 1350 780
1350 1349 780
1349 1351 392
1351 1349 392
1349 1348 1301
1348 1349 1301
1352 1353 305
1353 1352 305
1250 1346 717
1346 1250 717
1250 1352 761
1352 1250 761
1354 1355 2124
1355 1354 2124
1356 1349 922
1349 1356 922
1357 1354 734
1354 1357 734
1357 1348 1130
1348 1357 1130
1358 1357 1144
1357 1358 1144
1358 1356 927
1356 1358 927
1359 1360 46
1360 1359 46
912 907 628
907 912 628
1361 1362 1436
1362 1361 1436
1361 1363 1059
1363 1361 1059
1364 1365 56
1365 1364 56
1366 1367 60
1367 1366 60
1367 1256 105
1256 1367 105
1368 1364 51
1364 1368 51
1353 1369 114
1369 1353 114
1369 1345 596
1345 1369 596
1370 1354 678
1354 1370 678
1336 1331 1459
1331 1336 1459
1371 1372 1140
1372 1371 1140
1373 1338 285
1338 1373 285
1374 1345 1084
1345 1374 1084
1351 1375 501
1375 1351 501
1350 1376 28
1376 1350 28
1377 1301 2598
1301 1377 2598
1327 1308 1568
1308 1327 1568
1334 1312 1384
1312 1334 1384
1314 1310 362
1310 1314 362
1313 1378 110
1378 1313 110
1275 1270 1070
1270 1275 1070
1379 1380 46
1380 1379 46
1276 580 966
580 1276 966
1273 519 466
519 1273 466
1381 1373 610
1373 1381 610
1382 1316 88
1316 1382 88
1383 1284 194
1284 1383 194
1344 1384 431
1384 1344 431
1385 1290 290
1290 1385 290
1386 1290 590
1290 1386 590
1378 1387 1694
1387 1378 1694
1311 1388 121
1388 1311 121
1304 1301 1264
1301 1304 1264
1288 1389 14
1389 1288 14
1390 1391 213
1391 1390 213
1392 1281 428
1281 1392 428
1393 1394 66
1394 1393 66
1379 1395 39
1395 1379 39
1395 1396 83
1396 1395 83
1397 1398 670
1398 1397 670
1397 1399 46
1399 1397 46
452 344 209
344 452 209
452 1400 91
1400 452 91
1250 1401 141
1401 1250 141
1161 1158 128
1158 1161 128
1362 1248 373
1248 1362 373
1303 1402 54
1402 1303 54
1403 1404 915
1404 1403 915
1402 1405 2229
1405 1402 2229
1388 1303 101
1303 1388 101
1402 1388 100
1388 1402 100
1269 1406 1039
1406 1269 1039
1407 543 247
543 1407 247
1408 539 375
539 1408 375
1408 1407 117
1407 1408 117
1409 1410 91
1410 1409 91
1262 1409 69
1409 1262 69
1411 1412 283
1412 1411 283
1287 1413 189
1413 1287 189
1287 1414 20
1414 1287 20
1414 1287 20
1287 1414 20
1415 502 20
502 1415 20
503 1415 33
1415 503 33
1416 1417 87
1417 1416 87
503 497 948
497 503 948
1418 540 562
540 1418 562
1267 1280 35
1280 1267 35
1266 1272 422
1272 1266 422
1256 1408 69
1408 1256 69
1419 1420 44
1420 1419 44
1421 1422 64
1422 1421 64
1423 1328 78
1328 1423 78
1421 1423 106
1423 1421 106
1330 1325 148
1325 1330 148
1326 1424 738
1424 1326 738
1422 1425 3
1425 1422 3
1426 1320 227
1320 1426 227
1427 1426 93
1426 1427 93
1339 1428 170
1428 1339 170
1428 1371 71
1371 1428 71
1429 1430 210
1430 1429 210
1429 1431 212
1431 1429 212
1432 1433 182
1433 1432 182
1302 1434 188
1434 1302 188
1431 1432 248
1432 1431 248
1435 1436 475
1436 1435 475
1362 1437 845
1437 1362 845
1438 1342 304
1342 1438 304
1347 1435 918
1435 1347 918
1439 1440 182
1440 1439 182
1441 1442 451
1442 1441 451
1435 1340 96
1340 1435 96
1441 1443 747
1443 1441 747
1342 1340 917
1340 1342 917
1444 1445 388
1445 1444 388
1444 1446 484
1446 1444 484
1447 1448 601
1448 1447 601
1448 1449 140
1449 1448 140
1449 1450 212
1450 1449 212
1451 1361 894
1361 1451 894
1450 1452 64
1452 1450 64
1451 1453 198
1453 1451 198
1454 1374 3113
1374 1454 3113
1453 1455 419
1455 1453 419
1456 1457 265
1457 1456 265
1454 1456 429
1456 1454 429
1456 1458 437
1458 1456 437
1459 1460 165
1460 1459 165
1460 1461 672
1461 1460 672
1461 1462 47
1462 1461 47
1463 1464 220
1464 1463 220
1464 1465 166
1465 1464 166
1466 1467 26
1467 1466 26
1465 1466 46
1466 1465 46
1466 1468 145
1468 1466 145
1468 1469 340
1469 1468 340
1469 1470 73
1470 1469 73
1434 1471 75
1471 1434 75
1405 1278 1245
1278 1405 1245
1387 1274 1195
1274 1387 1195
1291 1472 14
1472 1291 14
1473 1474 346
1474 1473 346
1365 1411 86
1411 1365 86
1437 1352 613
1352 1437 613
1309 1386 145
1386 1309 145
1294 1385 122
1385 1294 122
1300 1295 530
1295 1300 530
1321 1299 222
1299 1321 222
1458 1459 1397
1459 1458 1397
1455 1454 219
1454 1455 219
1475 1476 76
1476 1475 76
1477 1478 918
1478 1477 918
1477 1479 407
1479 1477 407
1480 1481 49
1481 1480 49
1482 1480 1357
1480 1482 1357
1483 708 474
708 1483 474
1482 1484 764
1484 1482 764
1485 708 2816
708 1485 2816
1486 1487 225
1487 1486 225
1486 1488 585
1488 1486 585
1489 1490 848
1490 1489 848
1489 1482 528
1482 1489 528
1491 1486 551
1486 1491 551
1492 1489 490
1489 1492 490
1493 832 331
832 1493 331
1494 1480 1165
1480 1494 1165
1494 1495 63
1495 1494 63
1496 1497 872
1497 1496 872
1498 1493 345
1493 1498 345
1499 1498 208
1498 1499 208
1499 1493 202
1493 1499 202
1500 1501 36
1501 1500 36
1502 1503 152
1503 1502 152
1502 1504 436
1504 1502 436
1505 1506 588
1506 1505 588
1505 1507 884
1507 1505 884
1508 1499 1346
1499 1508 1346
1508 1509 282
1509 1508 282
1510 1503 173
1503 1510 173
1511 1492 640
1492 1511 640
1512 1508 392
1508 1512 392
1513 1514 19
1514 1513 19
1515 1516 615
1516 1515 615
1515 1517 87
1517 1515 87
1501 1513 12
1513 1501 12
1037 1518 83
1518 1037 83
1519 1515 859
1515 1519 859
1519 1520 1251
1520 1519 1251
1298 1521 501
1521 1298 501
1298 1522 563
1522 1298 563
1523 1515 801
1515 1523 801
1524 1525 541
1525 1524 541
1524 1526 49
1526 1524 49
1527 1528 1031
1528 1527 1031
1527 1524 2404
1524 1527 2404
1529 1530 574
1530 1529 574
1174 1531 97
1531 1174 97
1532 1533 1840
1533 1532 1840
1534 1535 99
1535 1534 99
1534 1532 110
1532 1534 110
1381 1536 531
1536 1381 531
1537 1538 154
1538 1537 154
1539 1540 304
1540 1539 304
1541 1542 77
1542 1541 77
1530 1539 1054
1539 1530 1054
1530 1543 472
1543 1530 472
1355 1544 776
1544 1355 776
1525 1519 274
1519 1525 274
1481 1545 846
1545 1481 846
1546 1477 1140
1477 1546 1140
1506 1498 349
1498 1506 349
1516 1512 336
1512 1516 336
1547 1491 820
1491 1547 820
1548 1549 329
1549 1548 329
1488 1550 192
1550 1488 192
1495 1551 98
1551 1495 98
1552 1553 39
1553 1552 39
1554 1527 806
1527 1554 806
1520 1522 217
1522 1520 217
1540 1537 627
1537 1540 627
1555 1556 692
1556 1555 692
1543 1557 222
1557 1543 222
1551 1503 391
1503 1551 391
1545 1475 486
1475 1545 486
1476 715 246
715 1476 246
1558 830 80
830 1558 80
1558 1559 133
1559 1558 133
1560 1485 54
1485 1560 54
1549 1560 62
1560 1549 62
1509 1547 269
1547 1509 269
1509 1485 1123
1485 1509 1123
832 1561 268
1561 832 268
1467 1562 108
1562 1467 108
283 1563 186
1563 283 186
1564 1355 2742
1355 1564 2742
1565 1564 294
1564 1565 294
1564 1566 236
1566 1564 236
1567 1568 130
1568 1567 130
1569 1570 540
1570 1569 540
1568 1569 617
1569 1568 617
1569 1571 1843
1571 1569 1843
1571 1572 873
1572 1571 873
1572 1573 643
1573 1572 643
1563 1226 8
1226 1563 8
1573 1574 1624
1574 1573 1624
1575 1576 314
1576 1575 314
1577 1523 253
1523 1577 253
1528 1578 1560
1578 1528 1560
1579 1512 1133
1512 1579 1133
1577 1579 1212
1579 1577 1212
1579 1580 779
1580 1579 779
1581 1505 1490
1505 1581 1490
1580 1581 1102
1581 1580 1102
1581 1575 1265
1575 1581 1265
1582 1583 413
1583 1582 413
1584 1511 823
1511 1584 823
1583 1584 1330
1584 1583 1330
1584 1585 1613
1585 1584 1613
1574 1528 1490
1528 1574 1490
1586 1587 187
1587 1586 187
1538 1534 127
1534 1538 127
965 1144 23
1144 965 23
1535 1554 1477
1554 1535 1477
1538 1535 107
1535 1538 107
1566 1567 550
1567 1566 550
1576 1582 670
1582 1576 670
1507 1502 281
1502 1507 281
1578 1577 692
1577 1578 692
1526 1523 640
1523 1526 640
1550 1546 156
1546 1550 156
1411 1588 173
1588 1411 173
1479 1259 392
1259 1479 392
1589 1196 403
1196 1589 403
1589 1590 74
1590 1589 74
1591 1592 463
1592 1591 463
1591 1005 1854
1005 1591 1854
1593 1044 961
1044 1593 961
1594 1038 28
1038 1594 28
1594 1595 1083
1595 1594 1083
1594 1596 357
1596 1594 357
1597 1598 1027
1598 1597 1027
1597 1599 39
1599 1597 39
1600 1601 143
1601 1600 143
1602 1603 200
1603 1602 200
1602 1604 44
1604 1602 44
1605 1606 441
1606 1605 441
1605 1607 445
1607 1605 445
1608 1609 66
1609 1608 66
1610 1611 88
1611 1610 88
1612 1613 729
1613 1612 729
1612 1511 1585
1511 1612 1585
1614 1615 180
1615 1614 180
1616 1612 150
1612 1616 150
1617 1618 502
1618 1617 502
1617 1619 123
1619 1617 123
1620 1621 43
1621 1620 43
1620 1622 19
1622 1620 19
1623 1624 108
1624 1623 108
1625 1626 368
1626 1625 368
1625 1627 521
1627 1625 521
1500 1628 52
1628 1500 52
1514 1629 121
1629 1514 121
1611 1593 1476
1593 1611 1476
1630 1631 186
1631 1630 186
1618 1630 272
1630 1618 272
1632 1594 157
1594 1632 157
1490 1633 890
1633 1490 890
1484 1633 888
1633 1484 888
1622 1614 16
1614 1622 16
1634 96 64
96 1634 64
1635 1636 120
1636 1635 120
1636 1637 1071
1637 1636 1071
1514 1623 140
1623 1514 140
1613 1500 63
1500 1613 63
1513 1638 39
1638 1513 39
1603 1597 353
1597 1603 353
1619 1616 186
1616 1619 186
1596 1593 741
1593 1596 741
1592 1639 607
1639 1592 607
1640 1591 171
1591 1640 171
1641 1642 14
1642 1641 14
1613 1643 708
1643 1613 708
1501 1644 52
1644 1501 52
1627 1645 33
1645 1627 33
1127 1646 152
1646 1127 152
1607 1600 48
1600 1607 48
1604 1600 205
1600 1604 205
1606 1602 46
1602 1606 46
1604 1606 46
1606 1604 46
1607 1647 300
1647 1607 300
1648 1649 520
1649 1648 520
1650 1651 18
1651 1650 18
1652 1653 302
1653 1652 302
1654 1184 48
1184 1654 48
1654 1655 134
1655 1654 134
1187 1654 107
1654 1187 107
1240 1656 231
1656 1240 231
1187 1657 181
1657 1187 181
1658 1659 174
1659 1658 174
1660 1658 18
1658 1660 18
1661 1662 62
1662 1661 62
1663 1664 26
1664 1663 26
1609 1641 1077
1641 1609 1077
1639 1204 70
1204 1639 70
1653 1665 56
1665 1653 56
1639 1653 1680
1653 1639 1680
1666 1667 179
1667 1666 179
1667 1634 107
1634 1667 107
1615 1668 772
1668 1615 772
1669 1670 270
1670 1669 270
1671 1672 297
1672 1671 297
1038 1673 67
1673 1038 67
1659 1661 716
1661 1659 716
1674 1663 305
1663 1674 305
1585 1616 561
1616 1585 561
1585 1675 158
1675 1585 158
1676 1617 561
1617 1676 561
1675 1676 255
1676 1675 255
1677 1678 328
1678 1677 328
1676 1677 1319
1677 1676 1319
1677 1650 2191
1650 1677 2191
1650 1679 1155
1679 1650 1155
1679 1680 45
1680 1679 45
1680 1177 938
1177 1680 938
1681 1671 114
1671 1681 114
546 1669 23
1669 546 23
987 1635 129
1635 987 129
1682 1683 353
1683 1682 353
1684 1685 616
1685 1684 616
1686 1687 45
1687 1686 45
1688 1689 42
1689 1688 42
1690 1691 593
1691 1690 593
1685 1692 227
1692 1685 227
1693 1101 433
1101 1693 433
1693 1694 363
1694 1693 363
1692 1695 218
1695 1692 218
1696 1697 933
1697 1696 933
1698 1699 1468
1699 1698 1468
1700 1701 90
1701 1700 90
1702 1703 107
1703 1702 107
1704 1705 20
1705 1704 20
1706 1707 11
1707 1706 11
1706 1708 591
1708 1706 591
113 283 378
283 113 378
1165 1164 167
1164 1165 167
1160 1709 104
1709 1160 104
1710 202 66
202 1710 66
1711 1712 110
1712 1711 110
1713 1690 169
1690 1713 169
1714 1715 274
1715 1714 274
1716 1717 290
1717 1716 290
1718 1719 203
1719 1718 203
1720 1693 85
1693 1720 85
1721 1722 120
1722 1721 120
1723 1724 1983
1724 1723 1983
1725 1696 88
1696 1725 88
1726 1696 271
1696 1726 271
1727 1728 866
1728 1727 866
1728 1729 439
1729 1728 439
1730 1731 499
1731 1730 499
1732 1733 357
1733 1732 357
1701 1730 903
1730 1701 903
1734 1735 8
1735 1734 8
1707 1736 243
1736 1707 243
1737 1738 33
1738 1737 33
1739 1740 1526
1740 1739 1526
1715 1741 647
1741 1715 647
1742 1714 976
1714 1742 976
1724 1742 592
1742 1724 592
949 955 595
955 949 595
1743 218 34
218 1743 34
1687 1710 320
1710 1687 320
1744 1686 49
1686 1744 49
1687 1744 31
1744 1687 31
1745 1723 241
1723 1745 241
1746 274 52
274 1746 52
1697 1720 347
1720 1697 347
1694 1747 258
1747 1694 258
1722 1745 98
1745 1722 98
1748 1725 664
1725 1748 664
1749 1750 387
1750 1749 387
1751 1752 521
1752 1751 521
1753 1754 26
1754 1753 26
1755 1753 160
1753 1755 160
1756 1757 316
1757 1756 316
1733 1756 24
1756 1733 24
1738 1758 11
1758 1738 11
1759 1760 898
1760 1759 898
1735 1761 178
1761 1735 178
1735 1762 16
